SM:2020-12-25T12:39:17.8062983Z
LM:2020-12-25T12:59:35.8999170Z
CT:image/png
MA:604800
CL:11762751
