SM:2020-12-29T07:30:08.4912813Z
LM:2020-12-29T07:30:27.9469924Z
CT:image/jpeg
MA:604800
CL:1666
